# Source Generated with Decompyle++
# File: main.pyc (Python 3.9)

import random
import types
import sys
import os

def enc(a, b, c, d):
    
    random.seed(d)
    random.shuffle(b)
    arr = []

    for i in c:
        m =i    #m
        n =a     #n
       
        for j in '{:b}'.format(m)[1:]:
            k= j   #k
               
            if b[n] >= 0:
                return False
        
            if not int(k):
                n= abs(b[n]) // len(b)
            else:
                n= abs(b[n]) % len(b)

        if  b[n] <0:
            return False

        arr.append(b[n])

    return arr


_ = 358

#__ = [20, -23488, 85, -66108, -249288, 168, -172003, -175532, 16, 19, 127, 163, 32, -37813, 179, -234557, 136, -76052, -158661, 47, -67940, -94617, 212, -28718, 2, -199395, 64, -164439, -173299, 46, -13437, -245131, 247, 209, 89, -46019, 148, -144556, -147974, -186537, -167186, 210, 253, 227, -162414, 158, -125597, 98, 96, -110552, 242, -244558, -2870, -115223, 171, -260581, -114381, -226408, -75174, -135122, 201, -98255, -177213, -222726, -159494, -138464, -259018, -101858, -193313, 150, 49, -169300, -176197, 11, 154, 70, -95345, 149, -2355, 13, -169022, 121, -154672, -11802, 28, -50725, 95, -8214, 133, 82, -7654, -144935, 56, -102826, 177, -218082, -222867, -166431, 229, -201810, 217, 220, 42, 219, -138923, 234, 102, 53, -140678, 59, -192315, 101, -79729, -72774, 165, -147665, -122497, 130, -209590, 188, -134224, 146, 233, 62, 44, 5, 112, -189629, -33534, -214020, -82194, 244, 125, 114, 48, -224108, 174, 17, 93, 35, 69, 156, -16917, 
#34, -63739, 1, 206, -52080, -119870, -64540, 33, 193, 75, 36, -41623, -190569, 225, 76, -254562, 129, 182, 246, 239, 45, 27, 135, 40, 232, 248, -112559, 186, 228, 128, 73, 151, 216, -109464, 68, 166, -20468, -202010, 9, -95560, 183, -227128, -96543, -183616, 192, 22, 195, -179641, 173, 211, 214, 126, 164, -224946, -253750, 207, -169901, -21117, -9132, 
#199, 74, -211613, 251, 252, 21, 123, 185, -99954, 139, -131790, -176314, 4, -257227, -52640, 14, -9198, -196047, 92, 176, -165918, -251250, -67105, 115, 78, 213, -219914, -57323, -240380, 184, 31, -65793, -149209, -114625, -247416, -58223, -198609, 0, 54, 175, -156133, -146291, 197, 80, -54991, 118, -72002, -135977, -25673, -133471, 222, -15658, 100, 155, 24, -124247, 84, 152, -180089, 51, -110286, 181, -53514, -113378, 194, 12, -163749, -199889, -210728, 160, 170, 97, 15, -42739, -229197, 255, -859, -61792, -105945, 162, -132892, 169, 7, -49183, 55, -120993, 240, 241, -5818, -115686, -256392, -231660, 43, -142904, 250, -18521, -235977, 107, 37, 10, -12382, 26, 83, -26824, 110, -258435, 116, -50551, -118029, -149390, -76736, 104, -39752, 180, 145, 91, -119072, -80295, 66, -160224, 196, 230, 79, -162845, 103, 153, -172681, -129649, 8, -248195, -193941, 71, 58, 30, 143, -139649, 157, -230415, 191, 39, -56934, 106, -89211, 231, -145810, -97812, -192678, 122, -197646, -123267, -239066, -214162, -98710, 41, 161, 178, -22220, -73718, 25, -76256, -3395, 254, 200, -161933, -62154, -199025, -212237, 202, -259079, 172, -185982, 134, -111967, -224778, 60, -35751, -155718, 
#-241171, 140, 108, -113488, 223, 132, -106492, 67, -14095, -210087, -34356, -173021, 109, 141, -6493, 94, 113, -97325, 119, 88, 29, -105606, 50, 124, 72, 105, -55370, 99, -70116, -237287, -116298, 6, 111, 236, -205977, 131, -70826, -20302, 120, -203777, -5130, -216324, -10889, -92875, -246965, -181642, 243, 87, -205392, -232547, -248620, 90, -92273, 167, -256980, -238368, -134839, -28573, 147, 245, -182714, -47599, -180462, 63, 198, -156733, 208, 18, 159, 77, -145392, 226, -130231, 57, 218, 224, -195706, 86, 203, -253173, 81, 138, -214755, -200838, -17761, -30735, -24421, -186082, -212841, 189, -31402, -230602, -217584, -122843, -121894, -136692, -58318, -62598, 205, -188768, -88533, 187, -32398, 3, -233053, -103639, -48707, 237, 144, 190, 235, 38, 137, 117, 238, -83570, 215, -127835, -132298, 249, 52, -12945, 65, 
#-49765, -221357, 142, -37125, 23, 221, 61, 204, -220885]

___ = [137, 1351, 137, 1827, 3930, 1827, 423, 1351, 137, 17685, 423, 17685, 277, 1351, 201, 1827, 137, 1827, 137, 1827, 137, 469, 140, 469, 163, 1827, 613, 1827, 137, 160, 322, 1351, 613, 1827, 137, 912, 322, 1351, 613, 1827, 137, 2002, 322, 
1351, 613, 1827, 137, 382, 322, 1351, 613, 1827, 137, 510, 322, 1351, 613, 1827, 137, 479, 322, 1351, 613, 1827, 137, 
382, 322, 1351, 613, 1827, 137, 633, 322, 1351, 613, 1827, 137, 269, 322, 1351, 613, 1827, 137, 510, 322, 1351, 613, 1827, 137, 485, 322, 1351, 613, 1827, 137, 479, 322, 1351, 613, 1827, 137, 697, 322, 1351, 613, 1827, 137, 479, 322, 1351, 613, 1827, 137, 510, 322, 1351, 613, 1827, 137, 370, 322, 1351, 613, 1827, 137, 479, 322, 1351, 613, 1827, 137, 2002, 322, 1351, 613, 1827, 137, 459, 322, 1351, 613, 1827, 137, 459, 322, 1351, 613, 1827, 137, 926, 322, 1351, 613, 1827, 137, 220, 322, 1351, 613, 1827, 137, 479, 322, 1351, 613, 1827, 137, 930, 322, 1351, 613, 1827, 137, 510, 322, 1351, 613, 1827, 137, 370, 322, 1351, 613, 1827, 137, 912, 322, 1351, 613, 1827, 137, 2002, 322, 1351, 613, 1827, 137, 382, 322, 1351, 613, 1827, 137, 510, 322, 1351, 613, 1827, 137, 774, 322, 1351, 613, 1827, 137, 803, 322, 1351, 613, 1827, 137, 912, 322, 1351, 613, 1827, 137, 450, 322, 1351, 613, 1827, 137, 1104, 322, 1351, 613, 921, 889, 17685, 166, 1827, 445, 166, 319, 17685, 423, 469, 423, 160, 201, 1351, 157, 17685, 201, 469, 446, 1351, 1351, 1827, 613, 1827, 423, 
912, 277, 469, 137, 190, 889, 1351, 166, 1827, 445, 490, 423, 2002, 201, 912, 157, 160, 201, 1351, 157, 912, 137, 469, 137, 490, 446, 17685, 446, 1351, 1351, 1827, 601, 1351, 3594, 926, 201, 912, 201, 160, 395, 469, 182, 8843, 137, 163, 423, 17685, 3594, 8843, 201, 17685, 863, 1827]

#f = sys.argv + [''][1]  #input
for num in range(4000):
    b = [20, -23488, 85, -66108, -249288, 168, -172003, -175532, 16, 19, 127, 163, 32, -37813, 179, -234557, 136, -76052, -158661, 47, -67940, -94617, 212, -28718, 2, -199395, 64, -164439, -173299, 46, -13437, -245131, 247, 209, 89, -46019, 148, -144556, -147974, -186537, -167186, 210, 253, 227, -162414, 158, -125597, 98, 96, -110552, 242, -244558, -2870, -115223, 171, -260581, -114381, -226408, -75174, -135122, 201, -98255, -177213, -222726, -159494, -138464, -259018, -101858, -193313, 150, 49, -169300, -176197, 11, 154, 70, -95345, 149, -2355, 13, -169022, 121, -154672, -11802, 28, -50725, 95, -8214, 133, 82, -7654, -144935, 56, -102826, 177, -218082, -222867, -166431, 229, -201810, 217, 220, 42, 219, -138923, 234, 102, 53, -140678, 59, -192315, 101, -79729, -72774, 165, -147665, -122497, 130, -209590, 188, -134224, 146, 233, 62, 44, 5, 112, -189629, -33534, -214020, -82194, 244, 125, 114, 48, -224108, 174, 17, 93, 35, 69, 156, -16917, 
34, -63739, 1, 206, -52080, -119870, -64540, 33, 193, 75, 36, -41623, -190569, 225, 76, -254562, 129, 182, 246, 239, 45, 27, 135, 40, 232, 248, -112559, 186, 228, 128, 73, 151, 216, -109464, 68, 166, -20468, -202010, 9, -95560, 183, -227128, -96543, -183616, 192, 22, 195, -179641, 173, 211, 214, 126, 164, -224946, -253750, 207, -169901, -21117, -9132, 
199, 74, -211613, 251, 252, 21, 123, 185, -99954, 139, -131790, -176314, 4, -257227, -52640, 14, -9198, -196047, 92, 176, -165918, -251250, -67105, 115, 78, 213, -219914, -57323, -240380, 184, 31, -65793, -149209, -114625, -247416, -58223, -198609, 0, 54, 175, -156133, -146291, 197, 80, -54991, 118, -72002, -135977, -25673, -133471, 222, -15658, 100, 155, 24, -124247, 84, 152, -180089, 51, -110286, 181, -53514, -113378, 194, 12, -163749, -199889, -210728, 160, 170, 97, 15, -42739, -229197, 255, -859, -61792, -105945, 162, -132892, 169, 7, -49183, 55, -120993, 240, 241, -5818, -115686, -256392, -231660, 43, -142904, 250, -18521, -235977, 107, 37, 10, -12382, 26, 83, -26824, 110, -258435, 116, -50551, -118029, -149390, -76736, 104, -39752, 180, 145, 91, -119072, -80295, 66, -160224, 196, 230, 79, -162845, 103, 153, -172681, -129649, 8, -248195, -193941, 71, 58, 30, 143, -139649, 157, -230415, 191, 39, -56934, 106, -89211, 231, -145810, -97812, -192678, 122, -197646, -123267, -239066, -214162, -98710, 41, 161, 178, -22220, -73718, 25, -76256, -3395, 254, 200, -161933, -62154, -199025, -212237, 202, -259079, 172, -185982, 134, -111967, -224778, 60, -35751, -155718, 
-241171, 140, 108, -113488, 223, 132, -106492, 67, -14095, -210087, -34356, -173021, 109, 141, -6493, 94, 113, -97325, 119, 88, 29, -105606, 50, 124, 72, 105, -55370, 99, -70116, -237287, -116298, 6, 111, 236, -205977, 131, -70826, -20302, 120, -203777, -5130, -216324, -10889, -92875, -246965, -181642, 243, 87, -205392, -232547, -248620, 90, -92273, 167, -256980, -238368, -134839, -28573, 147, 245, -182714, -47599, -180462, 63, 198, -156733, 208, 18, 159, 77, -145392, 226, -130231, 57, 218, 224, -195706, 86, 203, -253173, 81, 138, -214755, -200838, -17761, -30735, -24421, -186082, -212841, 189, -31402, -230602, -217584, -122843, -121894, -136692, -58318, -62598, 205, -188768, -88533, 187, -32398, 3, -233053, -103639, -48707, 237, 144, 190, 235, 38, 137, 117, 238, -83570, 215, -127835, -132298, 249, 52, -12945, 65, 
-49765, -221357, 142, -37125, 23, 221, 61, 204, -220885]
    res=enc(_, b, ___, num)
    if res != False:
        print(num)
        print(res)
        break